circle0	92	15	130	48	156	129	9	53	66	145	2	35	20	139	11	94	44	63	93	33
circle1	38	75	193	7	17	90	16	191	176	18	97	92	154	192	15	56	26	107	127	109	131	153	130	212	36	132	170	23	184	196	106	48	6	42	114	195	82	91	79	133	22	62	102	202	117	144	135	156	155	14	21	189	208	129	45	168	73	78	9	116	0	210	37	134	41	172	10	169	108	159	53	115	111	204	188	171	175	128	187	118	76	209	148	126	66	143	28	166	25	206	89	145	119	161	54	183	95	162	110	2	35	120	19	77	186	39	167	74	105	31	20	139	27	201	11	94	185	219	112	30	137	29	147	142	12	96	34	203	177	1	158	44	182	83	138	67	52	200	3	81	124	165	164	46	4	136	216	100	32	24	217	85	101	121	63	199	98	163	57	88	140	72	104	60	151	125	5	43	93	58	70	220	141	68	197	194	222	33	205	80	61	152	59	49	69	160	13	149	55	47	8	86	40	157	71	103	223	207	146	113	84
circle2	75	17	18	97	133	22	156	45	168	188	175	54	95	74	94	112	137	44	83	4	5	58	59	47	86
circle3	82	202	206	203	69
circle4	51	114	50	173	150	1	81	211	197
circle5	191	97	192	36	62	210	37	143	89	161	162	186	185	177	182	200	81	165	164	61	152
circle6	173	178	126	180	181	65	64	179	174	215
circle7	38	193	92	154	127	102	108	148	201	29	158	138	81	136	151	8	86	157
circle8	38	193	7	90	16	154	15	26	153	170	202	156	78	9	0	134	10	171	209	206	89	145	19	11	158	44	138	67	3	81	46	85	121	98	72	43	194	33	8	86	146
circle9	195	117	155	21	129	172	204	28	77	105	52	104	80
circle10	198	213	190	100
circle11	51	38	75	7	17	90	16	18	97	92	15	26	107	131	130	106	48	6	42	114	195	82	91	79	22	117	144	156	155	50	173	21	129	45	168	73	78	9	116	0	41	172	10	53	204	188	171	175	187	118	76	148	66	28	166	25	145	119	54	95	2	35	120	87	150	77	39	167	74	105	31	20	139	27	11	94	112	30	137	147	12	96	1	44	52	81	124	46	4	85	63	98	57	88	104	60	125	5	43	93	58	211	70	68	33	80	59	49	69	149	55	47	8	86	146	113	84
circle12	79	73	78	148	167	12	81	57	149
circle13	75	193	7	176	15	56	107	127	131	153	130	23	184	106	6	42	114	91	79	102	135	14	129	41	10	169	115	111	171	128	187	76	25	89	119	110	2	35	19	39	20	30	29	147	34	138	67	52	3	124	136	216	32	24	85	101	163	88	72	125	43	70	68	197	194	33	13	55	40	71	207	84
