circle0	265	58	222	212	184	289	139	20	178
circle1	207	18	151	50
circle2	476	412	523	326	244	264	246
circle3	265	58	105	222	76	212	324	491	247	16	167	397	184	289	283	63	12	139	187	70	254	20	178	286
circle4	76	17	491	368	16	224	283	63	487	187	286
circle5	17	324	477	247	301	187	286
circle6	90
circle7	219	41
circle8	181	464	249
circle9	63
circle10	293
circle11	407	235	42	68	396	78	366	391	202
circle12	181	328	249
circle13	193	190	346	51	80
circle14	223	268	0	230	193	207	190	1	412	346	157	76	508	17	235	448	90	136	477	95	180	248	301	68	144	368	181	18	513	464	333	151	396	78	391	280	424	110	51	281	328	437	108	50	139	487	249	80	293	111
circle15	223	35	162	157	307	397	283	110	195	254
circle16	170	138	424
circle17	265	527
circle18	268	190	346	95	151	80
circle19	17	324	247	16	184	12	286
circle20	281
circle21	464
circle22	35	162	76	110
circle23	476
circle24	523	187
circle25	383	219	492	180	285	41	224	108	70
circle26	12	286
circle27	265
circle28	76
circle29	230
circle30	18
circle31	365	312	527
