circle0	84	102	245	277	310	191	324	283	284	263	259	254	262	226	236	329	91	216	161
circle1	227
circle2	306	222	294	147	45	308	117	220	64
circle3	201	77	170
circle4	165	58	268	186	181	2	67	130	207	20	24	188	185	0	257	27	183
circle5	44
circle6	260	270	246	131	156	330	148	149	211	332	132	158	81	159	150	273	79	247	82
circle7	264	34
circle8	299
circle9	321	12	309	122	318	312	200	46
circle10	195	157	289	197
circle11	154	93	102	135	277	65	228	23	107	129	136	184	284	14	56	92	98	313	219	15	63	206	60	248	171	290	88	167	175	22
circle12	168
circle13	311	275	274	244	265
circle14	33	241
circle15	72	253	179	165	61	8	25	18	319	6	48	326	242	144	196	229	139	31	32	51	35	202	44	104	94	59	96	181	2	282	7	225	17	237	97	29	19	137	87	285	3	140	217	164	28	68	295	86	90	71	302	125	323	20	114	239	303	235	218	234	122	314	187	110	190	250	276	178	298	198	39	99	13	41	73	105	70	49	115	328	66	1	74	121	141	9	176	152	315	145	163	172	42	292	62	108	103	267	112	89	26	55	57	151	80	180	266	0	88	16	233	138	54	329	297	119	189	301	249	208	153	40	120	183	155	50	252	169	256	43	106
circle16	179	124	173	209	331	47	36	4	232	37	198	221	166	41	73	227	66	9	143	53	185	172	133	103	305	134	177	238	40	52	162
circle17	287	330	28	113	323	288	291	108
circle18	231
circle19	246	194	85	131	148	281	149	132	81	150	79	247	82
circle20	300	299	278	193	279	192
circle21
circle22	325
circle23	78	128	203
