circle0	522	115	81	556	375	699	19
circle1	618	590	603	471	452	478	473	225	445	391	449	42	575	594	643	217	256	447	642	238	460	472	490	337	429	2	262	270	296	650	272	627	407	224	239	200	555	177	582	416	593	583	208	237	229	450	362	72	639	611	107	406	274	561	364	71	201	661	713	108	41	336	468	236	453	27	3	480	562	467
circle2	519
circle3	457	15	18	142
circle4	636	615	488	196	729	462	220	221	743	644	624
circle5	206	469	398	86	189	65
circle6	438	222	502
circle7	234	81	494	28	426	669	378	76	576	422	578	408
circle8	40	663	565	726	350	322	209	719	462	410
circle9	264
circle10	519	115	610	81	731	741	725	745	363	266	240	737	68	438	222	508	656	506	16	219	502	720	746	140	130	151
circle11	330	623	541	463	149	563	180	9	633	535	438	483	526	326	105	520	545	431	106
circle12	7	437	685	83	276	385	495
circle13	678	220	635	8
circle14	240	89	51	502
circle15	342	40	677	519	282	234	631	610	448	648	691	556	731	741	479	442	343	391	369	745	264	375	28	485	127	240	724	321	653	68	415	466	693	551	76	231	656	736	141	285	668	742	339	606	16	219	518	130	170
circle16	636	723	702	729	221	644	624
circle17	57	51	708	481
circle18	576	719	668
circle19	40
circle20	114	122	98	158	457	475	346	37	15	530	361	717	397	24	278	148	394	299	169	531	418	477	517	79	261	164	174	7	455	153	537	81	52	11	173	110	55	36	194	439	409	99	249	437	243	540	456	48	5	18	57	217	69	128	50	109	306	144	167	25	632	311	303	59	94	585	584	386	75	227	93	143	351	571	30	266	440	432	168	4	592	10	157	186	121	240	193	111	253	419	417	33	104	87	321	161	242	1	335	564	152	13	47	182	132	271	70	117	283	383	49	89	83	395	446	80	131	58	134	32	353	507	387	100	304	14	162	260	744	279	654	51	645	0	166	307	504	302	138	276	254	312	113	31	197	112	178	542	251	181	314	275	247	133	352	101	257	215	179	12	289	91	373	54	160	512	277	214	156	370	309	393	591	400	503	92	66	82	658	493	248	241	284	435	290	219	423	204	293	385	56	392	348	486	43	123	235	120	484	19	6	331	534	317	154	377	88	428	305	53	451	139	334	216	142	187	103	147	511	226	44	233	78	84	341	465	137	38	102	258	97	151
circle21	286	125	461	73	282	195	368	60	199	501	604	444	95	479	379	549	369	577	365	345	126	288	572	323	414	737	510	61	316	222	145	605	508	280	21	399	223	141	285	617	171	481	707	228	96	746	560	738	140	509	388	232	65	198	130	405	129	170	489
circle22	40
circle23	40	727	649	339	720	340	281
circle24	655
circle25	655
circle26	363	266	89	141	65
circle27	497	588	568	687	443	685	515	543	514	686	500	711	521	589	96	22	358	607	357	102
circle28	151
circle29	427	318	401	65	380
circle30	737	746	738
circle31	487	174	513	269	263	167	581	131	20	525	324	260	273	102
circle32	531	733	721	739	586
circle33	191	68	67	119	715	12	190	580	499	364	27	527
circle34	313	710	295	699	697	356	172	707	684	355
circle35	127	333	119	555	20	697	150	481	16	308	527
circle36	597	663	631	671	678	691	569	255	695	604	732	202	626	427	347	469	310	494	727	612	46	688	615	722	692	574	443	573	723	515	726	630	696	660	616	90	647	646	587	702	672	421	566	666	605	576	700	470	401	714	664	492	638	578	420	719	716	580	617	39	651	400	176	613	319	658	486	683	281	495	712	635	380	320	527
circle37	577	414	510	535	560
circle38	286	608	342	125	210	40	461	191	497	282	590	195	292	234	115	330	60	376	199	206	81	565	556	135	17	371	287	444	442	411	62	379	567	363	310	375	365	28	332	126	149	213	288	568	127	563	64	572	426	124	402	68	205	90	77	350	669	322	516	378	67	398	359	412	333	86	498	209	119	715	291	316	438	396	222	555	483	570	76	188	367	267	113	26	136	326	422	208	404	192	328	196	155	544	362	285	116	190	214	189	35	39	309	506	150	499	462	481	408	118	327	16	165	364	410	207	502	96	354	140	509	491	19	259	198	105	268	329	520	27	308	524	85
circle39	508	136	285	151
circle40	199	442	360	363	127	64	412	482	570	328	165	410	464	459	673
circle41	608	597	659	677	519	546	740	529	620	522	115	330	610	554	667	623	448	641	682	648	691	244	541	538	731	552	741	629	442	598	202	343	665	74	728	725	533	745	539	264	689	612	46	676	722	463	485	692	149	709	596	703	563	649	45	662	344	670	265	211	384	579	724	180	9	630	653	415	652	660	184	547	295	425	230	212	601	647	701	535	599	430	458	646	496	239	694	657	325	438	434	466	483	693	551	666	382	526	553	559	681	730	416	474	34	231	136	326	700	300	536	183	315	655	656	735	338	172	301	736	638	454	185	704	420	544	637	528	708	668	742	716	189	381	35	506	339	606	613	720	518	340	294	680	614	505	388	690	625	105	520	545	557	675	595	252	431	424	106	245
circle42	371	444	347	615	213	573	616	566	582	26	714	404	329	320
circle43	127	650	502
circle44	261	11	439	162	112	275	317	84
circle45	175	698	705	476	602
