circle0	556	287	476	577	379	361	109	716	347	300	532	687	587	773	148	310	440	613	237	627	101	426	157	247	325	673	274	125	69	301	6	612	293	486	198	427	396	141	674	364	475	308	432	275	346	68	350	685	650	595	711	677	7	422	272	185	324	720	428	413	380	576	102	199	594	554	184	115	618	383
circle1	664	768	262	757	758	784	580	735	736	581
circle2	471	746	404	0	214	356	517	575	245	320	208	200	572	173	221	55	120	421	147	259	332	153	309	52	143	56	609	229	79	86	207	616	41	654	40	22	386	322	456	1	193	73	241	438	36	401	253	194	27	186	304	218	137	409	97	197	522	220	544	154	119	311	551	420	138	626	174	539	429	107	258	167	150	333	425	268	433	230	103	136	44	730	135	219	181	243	437	77	546	653	104	641	387	108	552	388	719	596	210	233	146	8	206	51	24	402	263	187	26	139	331	487	357	202	526	435	168	530	50	132	276	370	449	321	260	505	424	620	563	371	74	37	232	182	571	679	458	410	283	98	54	240	203	234	223	303	201	501	215	21	25	430	497
circle3	2	53
circle4	772	714	765	280	645	515	769	682	759	723	704	771	756	781	248	737	500	681	568	635	503	257	660	317	661	249	634
circle5	64	696	742	583	474	586	708	34	158	740	751	65	707	393	729	57	700	659	550	584
circle6	749	593	766	701	761	400	728	743	604	755	399	690
circle7	289	349	33	669	408	722	514	525	100	93	180	87	528	35	160	269	291	507	397	297	196	391	480	319	549	472	588	403	439	302	235	151	192	599	271	733	605	348	697	282	499	94	161	305	419	553	518	195	718	149	473	436	462	443	647	785	548	636	354	179	504	467	281	527	562	209	236	99	567	341	622	582	444	318	547	32	558	519	303	330	619	392	105
circle8	533	445	592	493	564	540	536	231	165	412	359	216	663	779	655	498	506	264	507	228	273	164	496	358	693	602	531	88	676	688	191	724	450	652	591	624	366	760	662	680	284	156	298	204	727	667	363	288	315	632	441	389	140	777	405	782	279	512	639	657	106	213	686	418	644	721	566	267	78	367	753	561	530	739	4	706	491	691	373	270	490	152	464	717	484	362	423	703	630	360	116	114	303	637	374	159	155
circle9	726	542	705	607	407	780	529	732	541	725	521	731	461	597	783	460	598	699	606	770	406
circle10	90	459	372
circle11	656	623	610	565	569	465	560	698	695	538	466	377	376	570	411	537	611	511
circle12	625	317
circle13	665	559	416	555	621	750	530	545	415
circle14	49	629	16	59	92	277	668	434	131	578	365	80	316	481	142	457	20	189	312	489	39	172	66	242	431	222	589	510	81	226	188	483	590	211	60	666	395	177	169	292	368	414	299	239	134	82	390	251	683	334	117	124	23	452	112	335	492	738	448	166	323	313	144	46	447	266	225	339	19	327	355	642	353	48	329	579	479	122	384	417	250	375	96	715	345	710	344	628	62	31	252	28	178	126	455	70	42	286	13	463	83	744	328	176	314	326	38	692	382	244	520	45	394	14	307	246	508	61	745	170	47	633	351	129	762	162	9	118	171	290	11	338	336	671	763	227	89	110	265	702	238	76	469	255	58	285	123	17	95	638	2	306	175	675	84	470	261	523	72	352	85	381	254	30	343	614	337	163	734	130	454	509	15	183	256	91	488	684	573	18	446	113	385	224	75	451	145	477	43	494	670	646	278	482	640	754	651	543	442	128	3	478	342	502	12	10	672	557	585	29	111	121	513	127	468	217	516	63	133	453	67	534	190	378
circle15	608	689	658	709	212	603	747	764	648	649
circle16	601	294	776	775	615	295	767	600	614	774
